%YAML:1.0
---
rotation: !!opencv-matrix
   rows: 3
   cols: 3
   dt: d
   data: [ 9.9365755100894027e-01, -3.8920634607847271e-03,
       -1.1238115128851661e-01, 5.0171924871482473e-03,
       9.9994006937611457e-01, 9.7306441533011948e-03,
       1.1233654393144796e-01, -1.0232765907050544e-02,
       9.9361752772353473e-01 ]
translation: !!opencv-matrix
   rows: 3
   cols: 1
   dt: d
   data: [ -2.2588235159662276e-01, 2.5180607141366735e-02,
       5.0493532578513178e-01 ]
essential: !!opencv-matrix
   rows: 3
   cols: 3
   dt: d
   data: [ 2.9534465733176054e-04, -5.0516273195431072e-01,
       2.0106546638736070e-02, 5.2710764195102822e-01,
       -4.2766415579700689e-03, 1.6769545051183921e-01,
       -2.6154195662418656e-02, -2.2577080980539160e-01,
       6.3184483679303450e-04 ]
fundamental: !!opencv-matrix
   rows: 3
   cols: 3
   dt: d
   data: [ 9.0398798938625382e-08, -1.5542681924221618e-04,
       3.4694423252968280e-02, 1.7567802001229054e-04,
       -1.4327884836586745e-06, -2.2731606090772016e-02,
       -5.2802095141458866e-02, 2.6549493175258048e-02, 1. ]
