%YAML:1.0
---
cameraMatrix: !!opencv-matrix
   rows: 3
   cols: 3
   dt: d
   data: [ 1.2034397485201578e+03, 0., 7.0640443439705405e+02, 0.,
       1.1051972041999261e+03, 2.4536023770633292e+02, 0., 0., 1. ]
distortionCoefficients: !!opencv-matrix
   rows: 1
   cols: 5
   dt: d
   data: [ 1.9071465181715255e-01, 7.0016413898398744e-01,
       1.3992734807744461e-02, 1.5302730851643384e-01,
       -1.0124252661534365e+00 ]
rotation: !!opencv-matrix
   rows: 3
   cols: 3
   dt: d
   data: [ 1., 0., 0., 0., 1., 0., 0., 0., 1. ]
projection: !!opencv-matrix
   rows: 4
   cols: 4
   dt: d
   data: [ 1.2034397485201578e+03, 0., 7.0640443439705405e+02, 0., 0.,
       1.1051972041999261e+03, 2.4536023770633292e+02, 0., 0., 0., 1.,
       0., 0., 0., 0., 1. ]
