%YAML:1.0
---
depthShift: -1.1644026179876622e+01
