%YAML:1.0
---
cameraMatrix: !!opencv-matrix
   rows: 3
   cols: 3
   dt: d
   data: [ 3.7026733890154475e+02, 0., 2.4889356394027749e+02, 0.,
       3.6834458526488385e+02, 2.0870417905493224e+02, 0., 0., 1. ]
distortionCoefficients: !!opencv-matrix
   rows: 1
   cols: 5
   dt: d
   data: [ 9.0191930578214577e-02, -3.1930915752659805e-01,
       2.6133277243681400e-03, -9.1498981430923685e-04,
       1.7175892898565734e-01 ]
rotation: !!opencv-matrix
   rows: 3
   cols: 3
   dt: d
   data: [ 1., 0., 0., 0., 1., 0., 0., 0., 1. ]
projection: !!opencv-matrix
   rows: 4
   cols: 4
   dt: d
   data: [ 3.7026733890154475e+02, 0., 2.4889356394027749e+02, 0., 0.,
       3.6834458526488385e+02, 2.0870417905493224e+02, 0., 0., 0., 1.,
       0., 0., 0., 0., 1. ]
